9
0 0
5 0
10 0
0 5
5 5
10 5
0 10
5 10
10 10
12
0 1 0 -1 1 0.346652 0.531793 0.250626
1 2 1 -1 1 0.489937 0.542505 0.65437
3 4 2 0 1 0.66142 0.697981 0.425146
4 5 3 1 0 0.679472 0.337054 0.623302
6 7 -1 2 1 0.401997 0.506767 0.605251
7 8 -1 3 1 0.432226 0.295701 0.257492
0 3 -1 0 1 0.744263 0.332949 0.323656
1 4 0 1 0 0.252335 0.309542 0.472846
2 5 1 -1 1 0.515831 0.43894 0.254456
3 6 -1 2 1 0.553583 0.550882 0.535592
4 7 2 3 0 0.475394 0.581523 0.333117
5 8 3 -1 1 0.553842 0.27852 0.426061
4
7 2 6 0
8 3 7 1
10 4 9 2
11 5 10 3
2.5 2.5 0 0 45
